list of initial bad blocks :

bank 0(A0) L: 22 of 4152 (0.53%)
348 384 414 416 424 425 635 658 848 985 1011 1028 1029 1534 1553 1565 2099 2171 2553 2823 3370 3386 
bank 0(A0) H: 19 of 4152 (0.46%)
274 332 366 368 413 930 1037 1086 1096 1162 1644 2243 2753 3076 3354 3357 3552 3731 3733 
bank 1(B0) L: 11 of 4152 (0.26%)
316 317 322 827 1351 1575 1665 1753 2332 2743 3328 
bank 1(B0) H: 10 of 4152 (0.24%)
664 1421 1532 2152 2465 2846 2847 3275 3384 3386 
bank 4(A1) L: 19 of 4152 (0.46%)
574 575 775 781 842 1090 1586 1587 1658 1699 2155 2262 2542 2554 2678 2711 3366 3431 4118 
bank 4(A1) H: 19 of 4152 (0.46%)
8 12 13 20 21 420 1286 1498 1623 2172 2491 3464 3635 3772 4002 4003 4130 4144 4146 
bank 5(B1) L: 11 of 4152 (0.26%)
112 690 869 1171 2945 2946 3032 3034 3163 3212 4069 
bank 5(B1) H: 12 of 4152 (0.29%)
312 863 1964 2503 2638 2639 3171 3324 3352 3670 3886 3887 
bank 16(A4) L: 27 of 4152 (0.65%)
117 991 1036 1145 1331 1774 1982 2057 2251 2493 2494 2495 2607 2616 2617 2674 3263 3391 3437 3511 3547 3588 3589 3860 3973 3980 4008 
bank 16(A4) H: 37 of 4152 (0.89%)
206 322 347 416 499 501 503 505 506 507 508 509 511 513 736 871 888 933 934 935 936 937 1278 1305 1426 1719 2012 2013 2374 2379 3071 3231 3361 3782 3783 4067 4134 
bank 17(B4) L: 9 of 4152 (0.22%)
71 633 2292 2611 2909 3219 3233 3467 3478 
bank 17(B4) H: 13 of 4152 (0.31%)
128 852 917 1441 1485 2226 2389 2399 2749 3284 3666 3667 3774 
bank 20(A5) L: 14 of 4152 (0.34%)
653 824 1067 1638 1879 2224 2262 3346 3382 3426 3704 3705 3756 3757 
bank 20(A5) H: 23 of 4152 (0.55%)
207 750 752 854 1053 1055 1270 1311 1686 1687 1821 2382 2383 2468 2644 2660 2859 2971 2973 2975 2977 3426 3427 
bank 21(B5) L: 15 of 4152 (0.36%)
431 1266 1588 1667 1683 1882 1983 2251 3133 3274 3275 3465 3573 3763 4150 
bank 21(B5) H: 19 of 4152 (0.46%)
222 480 793 1226 1228 1230 1232 1236 1248 1483 1864 2427 2661 2700 2701 2995 3393 3458 3655 
